11 0.582979797979798 0.5340909090909091 0.0930808080808081 0.040404040404040414
11 0.36130050505050515 0.5328282828282828 0.09063131313131319 0.04545454545454553
11 0.13880471380471382 0.5220959595959596 0.08981481481481485 0.05934343434343439
11 0.21188131313131314 0.46275252525252525 0.01224747474747474 0.056818181818181795
11 0.19840909090909092 0.6281565656565656 0.011430976430976436 0.021464646464646436
11 0.1975925925925926 0.6496212121212122 0.008164983164983148 0.013888888888889
11 0.1980008417508418 0.668560606060606 0.008981481481481488 0.01893939393939391
11 0.6376851851851854 0.6300505050505051 0.013063973063973151 0.02525252525252519
11 0.637276936026936 0.6508838383838383 0.008981481481481453 0.013888888888889
11 0.6372769360269361 0.6717171717171717 0.01224747474747474 0.017676767676767752
11 0.4180471380471381 0.6262626262626263 0.016329966329966295 0.02272727272727266
11 0.42008838383838387 0.6502525252525253 0.017146464646464635 0.015151515151515298
11 0.4188636363636364 0.6672979797979798 0.016329966329966295 0.013888888888888857
