3 0.410385 0.044245 0.139231 0.052518
3 0.646154 0.035971 0.140000 0.051799
3 0.399231 0.335252 0.141538 0.051799
3 0.634615 0.332014 0.136923 0.053957
3 0.872308 0.327698 0.141538 0.051079
3 0.442692 0.580935 0.123846 0.042446
3 0.649231 0.587050 0.132308 0.058993
3 0.859615 0.588849 0.130000 0.062590
3 0.645769 0.833094 0.119231 0.047482
3 0.440769 0.819065 0.126154 0.056835
3 0.233846 0.824101 0.129231 0.043885
2 0.188077 0.312230 0.117692 0.056115
2 0.238077 0.568345 0.116154 0.057554
2 0.046538 0.826259 0.091538 0.048201
2 0.201538 0.014029 0.120000 0.026619
