3 0.410769 0.044245 0.138462 0.053957
3 0.646923 0.036691 0.146154 0.053237
2 0.200385 0.014748 0.122308 0.028058
2 0.186923 0.311871 0.124615 0.061151
2 0.237692 0.567266 0.107692 0.051079
2 0.046923 0.828058 0.092308 0.048921
3 0.396923 0.338129 0.132308 0.053237
3 0.632308 0.330935 0.141538 0.060432
3 0.876923 0.327698 0.140000 0.058273
3 0.440000 0.579856 0.123077 0.053237
3 0.650769 0.589568 0.124615 0.058273
3 0.859231 0.588489 0.124615 0.064748
3 0.229615 0.826259 0.114615 0.043885
3 0.438846 0.821223 0.117692 0.048201
3 0.645769 0.829137 0.117692 0.059712
