2 0.317647 0.068382 0.084314 0.027451
2 0.487745 0.068873 0.087255 0.028431
2 0.679085 0.067647 0.088235 0.034804
2 0.630065 0.261887 0.083007 0.025735
2 0.291013 0.254779 0.081373 0.027206
2 0.284314 0.429779 0.075163 0.022794
2 0.464706 0.433824 0.074510 0.021569
2 0.612582 0.423775 0.078105 0.023529
2 0.327614 0.597917 0.073529 0.022794
2 0.483007 0.603554 0.069935 0.019363
2 0.639216 0.612132 0.070588 0.015931
2 0.452941 0.769730 0.064706 0.018873
2 0.598039 0.777206 0.070588 0.016667
2 0.341667 0.887745 0.062418 0.015196
3 0.955229 0.253922 0.084314 0.020098
3 0.937418 0.428922 0.089869 0.017647
3 0.900980 0.602574 0.086928 0.019363
3 0.863399 0.789706 0.088889 0.013235
