9 0.237793 0.372987 0.052734 0.069546
9 0.374268 0.437775 0.040527 0.060029
9 0.532715 0.350659 0.051758 0.079063
9 0.728027 0.357247 0.026367 0.039531
9 0.825439 0.385798 0.029785 0.043924
9 0.204346 0.659224 0.027832 0.032943
9 0.309570 0.577599 0.028320 0.035139
9 0.446533 0.617862 0.041504 0.065886
9 0.553467 0.621157 0.041504 0.053441
9 0.653076 0.559297 0.051270 0.076135
9 0.764404 0.559663 0.029785 0.043192
9 0.167725 0.879575 0.027832 0.035871
9 0.393066 0.887628 0.028320 0.034407
9 0.480713 0.847365 0.020996 0.032943
9 0.601807 0.895315 0.020020 0.030747
9 0.737305 0.907394 0.025391 0.038799
9 0.793701 0.704246 0.020996 0.021962
