8 0.049615 0.232497 0.051538 0.061651
8 0.147308 0.238245 0.046923 0.060606
8 0.218846 0.230930 0.051538 0.064786
8 0.321923 0.239812 0.045385 0.063741
8 0.407692 0.232497 0.046154 0.065831
8 0.506154 0.237200 0.044615 0.058516
8 0.586538 0.229885 0.048462 0.048067
8 0.785385 0.238245 0.056923 0.066876
8 0.881154 0.208986 0.060769 0.075235
8 0.942308 0.208464 0.046154 0.063741
8 0.237308 0.735110 0.046923 0.059561
8 0.339231 0.737200 0.044615 0.065831
8 0.424231 0.742947 0.045385 0.068966
8 0.517308 0.735110 0.048462 0.063741
8 0.643846 0.741379 0.041538 0.065831
8 0.741923 0.743992 0.043846 0.064786
8 0.861154 0.737722 0.028462 0.068966
8 0.948846 0.737722 0.037692 0.064786
