8 0.137321 0.302020 0.132500 0.183838
8 0.119643 0.711364 0.085000 0.114646
8 0.318214 0.556313 0.052143 0.069192
8 0.432321 0.617677 0.058929 0.068687
8 0.302857 0.305303 0.054286 0.083333
8 0.376250 0.315909 0.056786 0.083333
8 0.454286 0.334091 0.071429 0.090404
8 0.596250 0.372727 0.061786 0.095960
8 0.670357 0.442424 0.052857 0.073737
8 0.669821 0.287879 0.046786 0.073737
8 0.807321 0.675505 0.042500 0.068182
8 0.871786 0.675000 0.052143 0.069192
8 0.938393 0.675000 0.045357 0.067172
8 0.861250 0.337879 0.062500 0.082828
